0 1 10 10 2 3 10 10 10 10 10 10 10 10
1 0 4 10 10 3 1 3 10 10 10 10 10 10
10 4 0 2 10 10 10 3 1 10 10 10 10 10
10 10 2 0 10 10 10 10 1 10 10 10 10 10
2 10 10 10 0 2 10 10 10 2 1 10 10 10
3 3 10 10 2 0 1 10 10 10 3 3 10 10
10 1 10 10 10 1 0 2 10 10 10 2 10 10
10 3 3 10 10 10 2 0 3 10 10 10 3 3
10 10 1 1 10 10 10 3 0 10 10 10 2 1
10 10 10 10 2 10 10 10 10 0 2 10 10 10
10 10 10 10 1 3 10 10 10 2 0 3 10 10
10 10 10 10 10 3 2 10 10 10 3 0 1 10
10 10 10 10 10 10 10 3 2 10 10 1 0 1
10 10 10 10 10 10 10 3 1 10 10 10 1 0